100D	1	3	4	5	6	10	21	29	38	50	68	91	129	170	209	217	174	101	38	6	0	0	0	0	0	0	0	0	0	0	0	0	0	0	0	0	0	0	0	0	0	0	0	0	0	0	0	0	0	0	0	0	0	0	0	0	0	0	0	0	0	0	0	0	0	0	0	0	0	0	0	0	0	0	0	6	58	76	20	19	76	94	181	356	284	132	50	17	1	0	0	0	0	0	0	0	0	0	0	0	0	0	0	0	0	0	0	2	10	20	22	16	21	42	90	97	113	113	96	59	16	2	0	0	0	0	0	0	0	0	0	0	0	0	0	0	408	0	18	30	0.4976269074332187	0.8237095409913961	10.654815626511306
200D	1	3	3	5	5	10	20	30	42	63	85	109	149	171	188	178	157	135	85	25	1	0	0	0	0	0	0	0	0	0	0	0	0	0	0	0	0	0	0	0	0	0	0	0	0	0	0	0	0	0	0	0	0	0	0	0	0	0	0	0	0	0	0	0	0	0	0	0	0	0	0	0	0	0	0	5	45	68	51	59	95	211	295	279	187	124	29	5	0	0	0	0	0	0	0	0	0	0	0	0	0	0	2	1	0	0	0	3	19	24	24	54	60	93	111	106	103	86	85	69	36	7	0	0	0	0	0	0	0	0	0	0	0	0	0	0	464	0	20	44	0.35745981473573085	0.9813702563462321	10.947180318108812
200L	0	0	1	2	4	6	10	18	29	39	54	86	127	176	237	293	338	346	302	224	124	34	2	0	0	0	0	0	0	0	0	0	0	0	0	0	0	0	0	0	0	2	7	9	11	20	33	78	124	139	194	254	299	235	176	81	14	0	0	0	0	0	0	0	0	0	0	0	0	0	0	0	0	0	0	0	9	25	14	25	38	83	134	163	194	221	215	125	76	44	4	0	0	0	0	0	0	0	0	0	0	0	1	2	3	2	2	2	7	22	39	50	68	106	154	198	263	317	356	359	315	220	103	22	1	0	0	0	0	0	0	0	0	0	0	0	1289	26	18	368	0.42350296542798044	0.979438975515553	15.596392241942572
300D	0	1	3	4	5	9	15	23	32	44	58	82	110	139	182	229	283	307	251	152	68	17	1	0	0	0	0	0	0	0	0	0	0	0	0	0	0	0	0	0	0	0	0	0	0	0	0	0	0	0	0	0	0	0	0	0	0	0	0	0	0	0	0	0	0	0	0	0	0	0	0	0	0	0	0	9	54	38	11	22	83	138	251	297	281	322	272	197	92	17	0	0	0	0	0	0	0	0	0	0	0	0	0	0	0	0	0	1	8	18	18	14	25	49	68	70	83	111	138	161	138	82	33	11	0	0	0	0	0	0	0	0	0	0	0	0	873	0	39	59	0.46640589929407456	0.7303861782878782	14.70374396028775
101D	1	3	4	4	5	10	20	28	35	46	71	99	139	165	176	175	159	147	118	71	21	0	0	0	0	0	0	0	0	0	0	0	0	0	0	0	0	0	0	0	0	0	0	0	0	0	0	0	0	0	0	0	0	0	0	0	0	0	0	0	0	0	0	0	0	0	0	0	0	0	0	0	0	0	0	0	13	86	32	11	63	154	151	330	242	199	163	67	17	0	0	0	0	0	0	0	0	0	0	0	0	0	3	1	0	0	0	3	17	21	18	11	20	31	100	119	104	91	84	70	49	37	13	0	0	0	0	0	0	0	0	0	0	0	0	0	486	0	22	36	0.2745424309470642	0.9826263773789178	12.152784639815364
101M	0	0	1	2	3	6	10	20	29	37	56	86	127	181	243	308	362	374	311	177	49	3	0	0	0	0	0	0	0	0	0	0	0	0	0	0	0	0	0	0	0	0	0	12	18	21	40	84	82	113	214	277	286	260	131	27	0	0	0	0	0	0	0	0	0	0	0	0	0	0	0	0	0	0	0	0	0	3	27	41	55	57	93	148	189	237	275	188	124	18	0	0	0	0	0	0	0	0	0	0	0	0	1	2	3	2	1	2	7	21	42	55	71	114	169	219	289	350	392	375	284	139	37	3	0	0	0	0	0	0	0	0	0	0	0	0	1221	23	20	358	0.6145903286746074	0.730965167264278	14.704890402432454
201L	0	0	1	2	4	6	10	18	28	39	55	87	129	177	239	293	338	345	301	228	131	37	2	0	0	0	0	0	0	0	0	0	0	0	0	0	0	0	0	0	0	0	0	3	11	16	38	82	111	142	208	253	297	243	171	92	11	0	0	0	0	0	0	0	0	0	0	0	0	0	0	0	0	0	0	1	8	17	20	32	41	74	148	164	193	215	213	123	73	44	4	0	0	0	0	0	0	0	0	0	0	0	1	2	3	2	2	2	8	22	39	52	69	109	156	203	263	322	355	355	314	224	107	24	1	0	0	0	0	0	0	0	0	0	0	0	1309	26	18	374	0.41524291626613163	0.9878359458037458	15.644910855294
301D	0	1	3	3	4	9	16	22	31	42	57	78	109	140	185	230	282	307	253	155	69	17	1	0	0	0	0	0	0	0	0	0	0	0	0	0	0	0	0	0	0	0	0	0	0	0	0	0	0	0	0	0	0	0	0	0	0	0	0	0	0	0	0	0	0	0	0	0	0	0	0	0	0	0	0	6	51	44	9	21	82	133	237	309	281	319	277	201	96	17	0	0	0	0	0	0	0	0	0	0	0	0	0	0	0	0	0	1	9	16	17	14	25	42	71	70	86	110	138	160	141	83	34	11	1	0	0	0	0	0	0	0	0	0	0	0	873	0	39	59	0.47651346679341916	0.726098642976581	14.772123924018945
102D	1	3	4	5	5	9	20	27	34	45	70	97	139	165	176	177	158	148	121	72	22	0	0	0	0	0	0	0	0	0	0	0	0	0	0	0	0	0	0	0	0	0	0	0	0	0	0	0	0	0	0	0	0	0	0	0	0	0	0	0	0	0	0	0	0	0	0	0	0	0	0	0	0	0	0	0	14	86	31	8	61	154	145	339	242	194	172	66	17	0	0	0	0	0	0	0	0	0	0	0	0	0	3	1	0	0	0	4	19	22	21	10	27	40	106	137	117	88	83	79	57	32	10	0	0	0	0	0	0	0	0	0	0	0	0	0	486	0	22	42	0.2742447848981857	0.976648934991987	12.219639468274446
102L	0	0	1	2	4	6	10	18	29	39	54	86	128	176	238	292	337	346	302	225	127	36	2	0	0	0	0	0	0	0	0	0	0	0	0	0	0	0	0	0	0	2	7	9	12	16	31	78	122	149	206	256	292	223	182	81	12	0	0	0	0	0	0	0	0	0	0	0	0	0	0	0	0	0	0	0	7	22	20	25	36	85	132	166	193	215	218	126	76	44	5	0	0	0	0	0	0	0	0	0	0	0	0	2	3	2	2	1	8	22	39	52	68	108	157	201	263	319	353	358	315	222	105	23	1	0	0	0	0	0	0	0	0	0	0	0	1297	26	18	372	0.41947445032461084	0.980694789988339	15.626868769081577
102M	0	0	1	2	3	6	10	20	29	37	57	87	128	182	244	309	362	373	309	175	48	3	0	0	0	0	0	0	0	0	0	0	0	0	0	0	0	0	0	0	0	0	2	14	17	18	40	90	79	119	227	268	285	253	129	27	0	0	0	0	0	0	0	0	0	0	0	0	0	0	0	0	0	0	0	0	0	4	29	40	52	61	94	145	191	237	274	187	123	18	0	0	0	0	0	0	0	0	0	0	0	0	1	2	3	2	1	2	7	22	43	55	71	115	170	222	291	351	395	376	285	138	36	3	0	0	0	0	0	0	0	0	0	0	0	0	1220	23	20	362	0.6107969138725831	0.732139475207673	14.673550956717413
302D	1	3	4	5	5	9	20	28	34	46	69	96	135	166	179	178	157	146	121	73	24	1	0	0	0	0	0	0	0	0	0	0	0	0	0	0	0	0	0	0	0	0	0	0	0	0	0	0	0	0	0	0	0	0	0	0	0	0	0	0	0	0	0	0	0	0	0	0	0	0	0	0	0	0	0	0	15	86	30	5	54	151	158	353	229	190	169	70	19	0	0	0	0	0	0	0	0	0	0	0	0	0	3	0	0	0	0	4	20	21	19	11	26	37	108	131	110	85	84	77	55	34	12	0	0	0	0	0	0	0	0	0	0	0	0	0	486	0	22	40	0.26799305921369904	0.9766469488524411	12.253300646014628
402D	1	3	5	6	7	13	24	31	43	56	76	98	129	162	197	197	126	56	13	1	0	0	0	0	0	0	0	0	0	0	0	0	0	0	0	0	0	0	0	0	0	0	0	0	0	0	0	0	0	0	0	0	0	0	0	0	0	0	0	0	0	0	0	0	0	0	0	0	0	0	0	0	0	0	0	11	87	53	2	12	83	69	203	364	213	72	14	1	0	0	0	0	0	0	0	0	0	0	0	0	0	0	0	0	0	0	0	3	10	23	20	17	28	52	98	90	101	92	66	32	5	0	0	0	0	0	0	0	0	0	0	0	0	0	0	0	336	0	14	24	0.4993559992848538	0.8932254965913721	9.752124308932766
103L	0	0	1	2	4	6	10	18	29	40	54	86	129	178	240	293	336	341	295	215	120	34	2	0	0	0	0	0	0	0	0	0	0	0	0	0	0	0	0	0	0	1	8	10	12	19	28	78	113	148	195	236	277	227	189	87	12	0	0	0	0	0	0	0	0	0	0	0	0	0	0	0	0	0	0	0	6	20	17	26	41	83	125	161	195	223	223	129	85	67	9	0	0	0	0	0	0	0	0	0	0	0	1	2	3	2	1	2	7	21	41	54	68	109	160	202	264	318	351	353	308	214	100	22	1	0	0	0	0	0	0	0	0	0	0	0	1270	25	19	366	0.42094964237874094	0.9866886889156188	15.479443927221471
103M	0	0	1	2	4	5	10	20	28	37	56	87	126	181	243	308	362	374	311	177	49	3	0	0	0	0	0	0	0	0	0	0	0	0	0	0	0	0	0	0	0	0	1	10	21	18	44	83	82	113	221	274	285	258	129	29	0	0	0	0	0	0	0	0	0	0	0	0	0	0	0	0	0	0	0	0	0	4	28	41	50	60	91	146	191	237	275	190	123	19	0	0	0	0	0	0	0	0	0	0	0	0	1	2	4	1	1	2	7	21	42	56	71	114	169	220	291	350	395	376	288	139	36	3	0	0	0	0	0	0	0	0	0	0	0	0	1220	23	20	362	0.613945620386323	0.7306917121915197	14.710206329512605
303D	1	3	4	5	5	10	19	28	35	46	69	96	135	166	179	178	157	146	121	73	24	1	0	0	0	0	0	0	0	0	0	0	0	0	0	0	0	0	0	0	0	0	0	0	0	0	0	0	0	0	0	0	0	0	0	0	0	0	0	0	0	0	0	0	0	0	0	0	0	0	0	0	0	0	0	0	16	86	29	5	55	151	159	353	228	190	169	69	19	0	0	0	0	0	0	0	0	0	0	0	0	0	3	0	0	0	0	4	19	21	20	11	26	38	109	131	109	85	84	77	55	34	12	0	0	0	0	0	0	0	0	0	0	0	0	0	486	0	22	40	0.26732813870321115	0.9765477072598351	12.243335946452243
104L	0	0	1	2	4	6	11	17	28	39	54	86	129	177	239	295	342	351	301	222	124	34	2	0	0	0	0	0	0	0	0	0	0	0	0	0	0	0	0	0	0	2	4	8	13	17	34	76	119	159	178	286	298	223	169	80	11	0	0	0	0	0	0	0	0	0	0	0	0	0	0	0	0	0	0	4	5	12	26	35	37	73	144	157	203	220	210	120	72	46	4	0	0	0	0	0	0	0	0	0	0	0	0	2	3	2	2	2	8	21	39	52	67	106	156	203	265	325	360	361	315	217	102	22	1	0	0	0	0	0	0	0	0	0	0	0	1302	26	18	373	0.4304600750022639	0.9790977034116338	15.565779532438741
104M	0	0	1	2	4	5	11	20	27	37	56	86	128	180	242	308	360	373	310	178	49	3	0	0	0	0	0	0	0	0	0	0	0	0	0	0	0	0	0	0	0	0	0	7	24	26	37	72	85	120	224	273	285	257	130	28	1	0	0	0	0	0	0	0	0	0	0	0	0	0	0	0	0	0	0	0	3	5	22	44	44	55	95	174	187	241	284	195	126	18	0	0	0	0	0	0	0	0	0	0	0	0	1	2	4	2	1	1	7	21	41	56	72	114	167	222	287	350	391	375	290	143	37	2	0	0	0	0	0	0	0	0	0	0	0	0	1217	23	21	361	0.6217868470405341	0.7241929544921073	14.703860635964505
404D	1	3	4	5	6	11	22	30	38	50	69	89	119	144	175	207	191	129	69	18	1	0	0	0	0	0	0	0	0	0	0	0	0	0	0	0	0	0	0	0	0	0	0	0	0	0	0	0	0	0	0	0	0	0	0	0	0	0	0	0	0	0	0	0	0	0	0	0	0	0	0	0	0	0	0	10	65	61	6	6	57	86	196	369	250	146	91	24	4	0	0	0	0	0	0	0	0	0	0	0	0	0	1	0	0	0	0	4	22	29	26	14	33	54	92	88	89	106	97	71	40	10	1	0	0	0	0	0	0	0	0	0	0	0	0	0	414	0	18	35	0.3995102034515927	0.8677335953290819	11.306143224502868
105M	0	0	1	2	4	6	11	19	27	36	56	85	123	179	240	305	363	377	314	180	50	3	0	0	0	0	0	0	0	0	0	0	0	0	0	0	0	0	0	0	0	0	1	5	10	38	51	75	92	141	233	265	279	245	118	15	0	0	0	0	0	0	0	0	0	0	0	0	0	0	0	0	0	0	0	0	3	6	20	39	48	55	99	160	186	242	282	201	132	20	0	0	0	0	0	0	0	0	0	0	0	0	1	2	4	2	1	2	7	20	40	55	71	113	163	214	286	351	395	382	293	146	38	3	0	0	0	0	0	0	0	0	0	0	0	0	1217	23	21	361	0.6283757034820341	0.7191931914527525	14.783794364917577
205D	1	2	3	5	6	11	19	26	36	48	63	85	120	164	218	234	188	157	96	35	6	0	0	0	0	0	0	0	0	0	0	0	0	0	0	0	0	0	0	0	0	0	0	0	0	0	0	0	0	0	0	0	0	0	0	0	0	0	0	0	0	0	0	0	0	0	0	0	0	0	0	0	0	0	0	8	68	55	2	22	109	110	230	362	213	207	82	39	22	1	0	0	0	0	0	0	0	0	0	0	0	0	0	0	0	0	0	4	14	22	19	17	33	49	94	91	112	111	94	84	47	22	2	0	0	0	0	0	0	0	0	0	0	0	0	0	502	0	22	38	0.40619801037959297	0.9354613620294596	11.835634823447474
205L	0	0	1	2	4	6	10	18	29	40	54	87	130	179	241	295	338	342	293	210	113	30	2	0	0	0	0	0	0	0	0	0	0	0	0	0	0	0	0	0	0	0	1	12	17	20	29	74	112	149	195	232	274	237	197	84	10	0	0	0	0	0	0	0	0	0	0	0	0	0	0	0	0	0	0	0	7	22	19	26	34	90	130	173	188	215	217	123	77	44	4	0	0	0	0	0	0	0	0	0	0	0	1	2	3	2	2	2	8	21	40	54	69	110	159	203	267	323	354	353	303	206	95	21	1	0	0	0	0	0	0	0	0	0	0	0	1263	25	18	364	0.4284285662211351	0.9860570128581997	15.355106138526642
405D	1	2	3	4	6	9	17	23	32	42	56	76	108	148	206	244	218	206	175	122	59	10	0	0	0	0	0	0	0	0	0	0	0	0	0	0	0	0	0	0	0	0	0	0	0	0	0	0	0	0	0	0	0	0	0	0	0	0	0	0	0	0	0	0	0	0	0	0	0	0	0	0	0	0	0	9	66	38	3	25	98	97	203	360	254	262	196	101	71	27	1	0	0	0	0	0	0	0	0	0	0	0	0	0	0	0	0	1	11	21	17	10	21	38	81	73	102	122	111	118	93	68	33	5	0	0	0	0	0	0	0	0	0	0	0	0	672	0	30	48	0.32522490225187184	0.9777365597767771	14.051652710286703
106M	0	0	1	2	4	5	10	20	28	37	57	87	127	183	246	312	365	374	309	174	47	3	0	0	0	0	0	0	0	0	0	0	0	0	0	0	0	0	0	0	0	0	1	13	18	17	47	83	83	116	216	274	287	255	130	26	0	0	0	0	0	0	0	0	0	0	0	0	0	0	0	0	0	0	0	0	0	5	26	37	53	61	96	140	191	237	274	190	125	19	0	0	0	0	0	0	0	0	0	0	0	0	1	2	4	2	1	2	8	21	42	56	72	117	173	224	298	356	397	374	283	136	35	3	0	0	0	0	0	0	0	0	0	0	0	0	1229	23	20	366	0.6165926978932516	0.736422214202216	14.656478504311355
206D	2	4	5	7	7	13	25	34	45	58	85	113	154	176	159	110	43	7	0	0	0	0	0	0	0	0	0	0	0	0	0	0	0	0	0	0	0	0	0	0	0	0	0	0	0	0	0	0	0	0	0	0	0	0	0	0	0	0	0	0	0	0	0	0	0	0	0	0	0	0	0	0	0	0	0	3	35	72	50	17	65	157	164	275	116	16	0	0	0	0	0	0	0	0	0	0	0	0	0	0	0	0	1	1	0	0	1	7	12	24	27	14	24	43	94	138	104	44	23	3	0	0	0	0	0	0	0	0	0	0	0	0	0	0	0	0	240	0	10	19	0.714832371508127	0.9083960117167735	8.134405730424309
206L	0	0	1	2	4	6	10	17	28	39	54	85	128	176	237	292	339	347	302	224	125	35	2	0	0	0	0	0	0	0	0	0	0	0	0	0	0	0	0	0	0	0	4	16	13	16	32	74	117	160	198	260	299	223	179	78	10	0	0	0	0	0	0	0	0	0	0	0	0	0	0	0	0	0	0	0	5	23	20	25	36	83	134	165	192	214	219	129	75	45	5	0	0	0	0	0	0	0	0	0	0	0	1	2	3	3	2	1	7	21	39	52	67	107	155	201	263	319	355	360	314	220	103	23	1	0	0	0	0	0	0	0	0	0	0	0	1293	26	18	370	0.4243833588694974	0.9819546942286077	15.609731156872888
406D	0	2	4	4	5	9	15	23	32	42	54	75	102	130	172	226	237	218	205	152	95	29	2	0	0	0	0	0	0	0	0	0	0	0	0	0	0	0	0	0	0	0	0	0	0	0	0	0	0	0	0	0	0	0	0	0	0	0	0	0	0	0	0	0	0	0	0	0	0	0	0	0	0	0	0	9	60	41	1	9	60	83	221	358	253	227	264	145	95	45	4	0	0	0	0	0	0	0	0	0	0	0	0	0	0	0	0	1	7	15	16	10	19	37	70	62	71	102	118	112	111	81	54	16	1	0	0	0	0	0	0	0	0	0	0	0	724	0	32	46	0.3107177457021159	0.9923666547634518	15.140913091978563
107L	0	0	1	2	3	6	10	17	28	40	53	85	128	176	238	293	339	347	301	222	124	35	2	0	0	0	0	0	0	0	0	0	0	0	0	0	0	0	0	0	0	0	3	9	11	19	35	75	120	151	200	258	292	224	177	88	15	0	0	0	0	0	0	0	0	0	0	0	0	0	0	0	0	0	0	0	5	25	18	23	38	84	133	164	194	213	219	128	75	46	5	0	0	0	0	0	0	0	0	0	0	0	1	2	3	2	2	2	8	21	39	52	67	108	156	201	264	319	355	359	315	221	103	23	1	0	0	0	0	0	0	0	0	0	0	0	1290	26	18	371	0.4249398807255014	0.982293807518002	15.595702437460325
107M	0	0	1	2	4	5	10	20	28	37	56	86	127	182	245	310	364	375	311	177	49	3	0	0	0	0	0	0	0	0	0	0	0	0	0	0	0	0	0	0	0	0	1	13	17	21	41	85	81	118	216	275	286	257	129	27	0	0	0	0	0	0	0	0	0	0	0	0	0	0	0	0	0	0	0	0	0	4	26	40	51	58	95	144	187	238	275	191	125	19	0	0	0	0	0	0	0	0	0	0	0	0	1	2	4	2	1	2	7	21	42	55	72	115	173	223	296	355	396	375	285	139	36	3	0	0	0	0	0	0	0	0	0	0	0	0	1229	23	20	366	0.6160710767695174	0.735642564105511	14.704875870649342
207L	0	0	1	2	4	6	11	20	30	42	63	96	137	194	255	311	346	318	214	103	31	2	0	0	0	0	0	0	0	0	0	0	0	0	0	0	0	0	0	0	0	0	3	8	25	44	46	69	89	117	149	298	325	158	60	19	0	0	0	0	0	0	0	0	0	0	0	0	0	0	0	0	0	0	0	1	12	11	20	22	37	39	81	169	200	154	149	119	16	0	0	0	0	0	0	0	0	0	0	0	0	0	1	2	4	3	2	2	10	26	42	52	76	122	174	237	304	330	329	276	163	63	14	0	0	0	0	0	0	0	0	0	0	0	0	0	1028	19	11	270	0.547916515985065	0.9278981055003145	13.595102131586934
108L	0	0	1	2	3	6	10	17	28	40	53	85	128	176	237	292	338	347	302	224	126	35	2	0	0	0	0	0	0	0	0	0	0	0	0	0	0	0	0	0	0	0	7	11	10	16	33	75	120	160	203	255	294	222	179	80	12	0	0	0	0	0	0	0	0	0	0	0	0	0	0	0	0	0	0	0	6	23	19	24	36	81	134	162	194	215	219	128	76	46	5	0	0	0	0	0	0	0	0	0	0	0	1	2	3	2	1	2	8	22	39	52	67	106	156	200	263	317	353	359	319	229	111	26	1	0	0	0	0	0	0	0	0	0	0	0	1294	26	18	375	0.4233795743397947	0.9804455973959587	15.62560847718529
108M	0	0	1	2	3	6	11	20	28	38	56	86	127	182	245	311	365	375	310	176	49	3	0	0	0	0	0	0	0	0	0	0	0	0	0	0	0	0	0	0	0	1	4	6	17	23	56	77	86	115	206	276	292	248	131	29	1	0	0	0	0	0	0	0	0	0	0	0	0	0	0	0	0	0	0	0	0	3	26	45	51	55	97	146	188	236	276	190	122	18	0	0	0	0	0	0	0	0	0	0	0	0	1	2	4	2	1	2	7	21	42	57	74	115	172	224	297	356	396	375	283	136	34	3	0	0	0	0	0	0	0	0	0	0	0	0	1229	23	20	366	0.613634938139494	0.7354584931949046	14.680383906309965
208D	1	3	4	5	6	11	22	30	38	50	78	105	146	172	180	170	134	92	43	6	0	0	0	0	0	0	0	0	0	0	0	0	0	0	0	0	0	0	0	0	0	0	0	0	0	0	0	0	0	0	0	0	0	0	0	0	0	0	0	0	0	0	0	0	0	0	0	0	0	0	0	0	0	0	0	0	13	93	44	18	58	144	143	339	244	135	47	2	0	0	0	0	0	0	0	0	0	0	0	0	0	0	1	1	0	0	0	3	22	34	17	17	28	47	118	137	111	71	56	38	13	1	0	0	0	0	0	0	0	0	0	0	0	0	0	0	366	0	16	30	0.43188087606968306	0.972246885746198	10.154495606780234
208L	0	0	1	2	4	6	12	20	30	43	64	97	140	194	257	312	347	318	212	101	30	2	0	0	0	0	0	0	0	0	0	0	0	0	0	0	0	0	0	0	5	5	4	1	20	51	37	72	115	125	136	279	313	164	65	19	0	0	0	0	0	0	0	0	0	0	0	0	0	0	0	0	0	0	0	0	3	17	24	23	40	33	84	175	204	149	153	112	13	0	0	0	0	0	0	0	0	0	0	0	0	0	1	2	4	3	2	2	10	26	43	52	77	122	179	236	306	328	328	275	160	61	13	0	0	0	0	0	0	0	0	0	0	0	0	0	1035	19	11	270	0.5484720639219602	0.9303910524729243	13.546719849628861
109D	1	3	4	5	5	9	20	27	35	45	69	97	137	164	176	177	158	146	122	74	24	1	0	0	0	0	0	0	0	0	0	0	0	0	0	0	0	0	0	0	0	0	0	0	0	0	0	0	0	0	0	0	0	0	0	0	0	0	0	0	0	0	0	0	0	0	0	0	0	0	0	0	0	0	0	0	13	84	34	7	56	152	148	334	247	191	174	71	19	0	0	0	0	0	0	0	0	0	0	0	0	0	2	0	0	0	0	3	20	20	20	11	25	35	104	132	114	86	85	77	56	35	12	0	0	0	0	0	0	0	0	0	0	0	0	0	486	0	22	40	0.2699101110072296	0.9799562881100032	12.274228447861919
109L	0	0	1	2	3	6	10	18	28	39	54	85	128	176	238	293	338	346	301	224	127	36	2	0	0	0	0	0	0	0	0	0	0	0	0	0	0	0	0	0	0	0	4	9	10	19	40	66	122	168	192	262	292	227	186	100	16	0	0	0	0	0	0	0	0	0	0	0	0	0	0	0	0	0	0	0	6	25	18	23	36	84	133	166	192	213	218	128	75	46	5	0	0	0	0	0	0	0	0	0	0	0	1	2	3	3	2	2	7	22	38	52	68	107	156	201	264	318	353	358	317	226	109	25	1	0	0	0	0	0	0	0	0	0	0	0	1295	27	18	374	0.420462286485249	0.9803471780787617	15.623089496795256
109M	0	0	1	2	4	5	10	20	28	37	56	86	127	182	244	310	365	375	310	175	48	3	0	0	0	0	0	0	0	0	0	0	0	0	0	0	0	0	0	0	0	0	1	13	17	16	46	84	85	116	215	275	285	257	130	26	0	0	0	0	0	0	0	0	0	0	0	0	0	0	0	0	0	0	0	0	0	8	23	40	50	61	92	145	188	238	279	191	120	18	0	0	0	0	0	0	0	0	0	0	0	0	1	2	4	2	1	2	7	20	42	56	72	114	168	220	293	352	396	376	287	138	35	3	0	0	0	0	0	0	0	0	0	0	0	0	1225	23	20	362	0.616901992858405	0.7373888369714048	14.68842529620474
209L	0	0	1	2	4	7	11	18	28	38	54	87	128	179	239	294	340	350	313	230	119	26	1	0	0	0	0	0	0	0	0	0	0	0	0	0	0	0	0	0	0	0	1	14	25	30	54	84	101	139	220	261	231	225	211	73	3	0	0	0	0	0	0	0	0	0	0	0	0	0	0	0	0	0	0	1	13	18	15	27	36	76	113	185	204	242	208	122	86	23	0	0	0	0	0	0	0	0	0	0	0	0	1	1	3	2	2	3	8	22	38	49	70	112	155	201	261	315	359	361	318	227	105	21	0	0	0	0	0	0	0	0	0	0	0	0	1307	26	18	374	0.4696345750889195	0.9436076676948681	15.488305350928115
309D	1	3	4	5	6	12	22	29	36	50	74	99	139	164	186	186	148	115	61	20	3	0	0	0	0	0	0	0	0	0	0	0	0	0	0	0	0	0	0	0	0	0	0	0	0	0	0	0	0	0	0	0	0	0	0	0	0	0	0	0	0	0	0	0	0	0	0	0	0	0	0	0	0	0	0	0	13	86	42	7	54	144	175	350	234	174	73	13	1	0	0	0	0	0	0	0	0	0	0	0	0	0	2	0	0	0	0	3	19	21	18	17	27	36	115	133	123	69	73	64	35	11	1	0	0	0	0	0	0	0	0	0	0	0	0	0	404	0	18	34	0.38967936539818016	0.9864479832042793	10.740694410375047
409D	2	3	5	6	7	13	24	32	42	55	74	97	132	172	210	195	113	51	11	0	0	0	0	0	0	0	0	0	0	0	0	0	0	0	0	0	0	0	0	0	0	0	0	0	0	0	0	0	0	0	0	0	0	0	0	0	0	0	0	0	0	0	0	0	0	0	0	0	0	0	0	0	0	0	0	12	96	46	1	16	93	71	213	385	177	60	13	1	0	0	0	0	0	0	0	0	0	0	0	0	0	0	0	0	0	0	0	1	13	26	18	11	26	46	84	94	116	77	59	31	5	0	0	0	0	0	0	0	0	0	0	0	0	0	0	0	336	0	14	22	0.5276914454381647	0.8701000900342838	9.627404511754659
10GS	0	0	0	0	1	3	7	12	18	27	39	58	95	146	206	293	401	526	622	632	505	262	54	1	0	0	0	0	0	0	0	0	0	0	0	0	0	0	0	0	1	0	1	6	10	16	28	58	71	127	209	246	349	342	299	216	112	17	0	0	0	0	0	0	0	0	0	0	0	0	0	0	0	0	0	2	6	19	22	17	34	67	77	117	202	308	360	354	337	257	84	6	0	0	0	0	0	0	0	0	0	0	0	0	1	1	1	2	5	13	26	38	48	76	120	169	231	327	450	589	701	703	536	240	43	1	0	0	0	0	0	0	0	0	0	0	3262	40	46	1000	0.6886277693179751	0.8994299088283565	20.17972515084662
20GS	0	0	0	0	1	3	7	12	19	28	39	58	97	145	207	295	402	527	622	631	503	260	52	1	0	0	0	0	0	0	0	0	0	0	0	0	0	0	0	1	1	1	5	4	8	20	27	58	72	133	211	257	351	331	298	211	110	12	0	0	0	0	0	0	0	0	0	0	0	0	0	0	0	0	0	2	7	17	19	21	37	67	73	118	210	309	358	351	339	254	81	5	0	0	0	0	0	0	0	0	0	0	0	0	1	1	1	2	5	14	27	38	49	74	122	171	232	327	451	587	702	701	535	240	43	1	0	0	0	0	0	0	0	0	0	0	3262	40	46	1000	0.6859913321957664	0.904870237091252	20.144150626376806
10MH	0	0	0	0	1	3	6	10	16	25	42	64	89	143	213	289	406	512	589	574	453	265	93	14	0	0	0	0	0	0	0	0	0	0	0	0	0	0	0	0	1	1	3	11	18	22	28	51	80	108	172	249	290	340	336	241	121	37	3	0	0	0	0	0	0	0	0	0	0	0	0	0	0	0	0	0	5	20	18	26	34	67	106	179	228	291	371	440	422	294	148	25	0	0	0	0	0	0	0	0	0	0	0	0	1	1	1	2	4	12	23	34	50	75	118	171	245	330	440	534	583	546	409	229	78	13	1	0	0	0	0	0	0	0	0	0	3099	40	63	816	0.5736601764734268	0.9583978229239116	20.246456534548184
110L	0	0	1	2	3	6	10	18	28	39	54	86	128	176	238	293	338	347	301	223	125	35	2	0	0	0	0	0	0	0	0	0	0	0	0	0	0	0	0	0	0	1	7	11	10	17	31	80	120	151	207	257	291	223	180	80	11	0	0	0	0	0	0	0	0	0	0	0	0	0	0	0	0	0	0	0	5	23	20	24	36	84	133	164	194	214	218	128	76	46	5	0	0	0	0	0	0	0	0	0	0	0	1	2	3	2	2	2	8	21	39	51	68	108	156	200	263	318	354	358	318	228	110	25	1	0	0	0	0	0	0	0	0	0	0	0	1294	26	18	375	0.42335576263162195	0.9813470614435237	15.601023942815836
110M	0	0	1	2	4	5	10	19	28	37	56	87	127	182	244	310	365	375	310	175	47	3	0	0	0	0	0	0	0	0	0	0	0	0	0	0	0	0	0	0	0	0	0	8	23	22	40	86	80	120	215	273	287	257	130	27	0	0	0	0	0	0	0	0	0	0	0	0	0	0	0	0	0	0	0	0	0	5	26	40	51	60	96	141	191	238	275	192	122	18	0	0	0	0	0	0	0	0	0	0	0	0	1	2	4	2	1	1	7	21	41	56	71	113	169	220	293	352	397	377	286	138	35	3	0	0	0	0	0	0	0	0	0	0	0	0	1225	23	20	362	0.6174570619080977	0.7365288131066909	14.679452006441258
210L	0	0	1	2	4	6	11	18	28	39	54	86	129	178	240	294	339	345	297	221	122	32	2	0	0	0	0	0	0	0	0	0	0	0	0	0	0	0	2	2	1	4	4	12	20	20	34	76	106	137	199	284	274	225	186	77	10	0	0	0	0	0	0	0	0	0	0	0	0	0	0	0	0	0	0	0	8	20	20	22	40	81	138	171	185	219	219	126	73	43	5	0	0	0	0	0	0	0	0	0	0	0	1	1	3	2	2	2	8	21	40	52	69	112	156	202	269	323	359	358	304	212	99	21	1	0	0	0	0	0	0	0	0	0	0	0	1287	26	18	370	0.42400550270417164	0.9728075887481998	15.51656676022134
111D	1	3	4	5	5	10	20	28	36	47	71	101	140	168	178	178	159	148	117	67	19	0	0	0	0	0	0	0	0	0	0	0	0	0	0	0	0	0	0	0	0	0	0	0	0	0	0	0	0	0	0	0	0	0	0	0	0	0	0	0	0	0	0	0	0	0	0	0	0	0	0	0	0	0	0	0	14	84	34	14	67	150	152	339	242	202	159	59	13	0	0	0	0	0	0	0	0	0	0	0	0	0	2	0	0	0	0	3	16	21	17	11	22	37	106	128	110	86	83	73	52	34	11	0	0	0	0	0	0	0	0	0	0	0	0	0	490	0	22	38	0.2790680081634722	0.9794437138063775	12.0542368116006
111L	0	0	1	2	3	6	10	18	28	39	54	85	128	176	238	293	339	348	302	223	125	35	2	0	0	0	0	0	0	0	0	0	0	0	0	0	0	0	0	0	0	0	6	12	10	15	36	77	118	156	205	257	289	222	183	81	11	0	0	0	0	0	0	0	0	0	0	0	0	0	0	0	0	0	0	0	4	24	20	23	36	85	132	163	194	215	218	127	76	46	5	0	0	0	0	0	0	0	0	0	0	0	1	1	3	3	2	2	7	21	39	52	68	107	155	201	264	318	356	360	316	221	104	23	1	0	0	0	0	0	0	0	0	0	0	0	1294	26	18	372	0.42437038379031156	0.982104555038337	15.611785361560838
111M	0	0	1	2	4	5	10	20	28	37	56	87	126	182	243	310	365	376	311	175	47	3	0	0	0	0	0	0	0	0	0	0	0	0	0	0	0	0	0	0	0	0	1	11	21	20	41	87	79	118	217	274	285	258	129	27	0	0	0	0	0	0	0	0	0	0	0	0	0	0	0	0	0	0	0	0	0	6	28	38	52	57	97	143	190	240	276	191	120	17	0	0	0	0	0	0	0	0	0	0	0	0	1	2	4	2	1	2	7	21	42	55	72	114	168	219	292	352	397	378	287	138	35	3	0	0	0	0	0	0	0	0	0	0	0	0	1225	23	20	362	0.6174665540818361	0.7354235476267542	14.687477088350507
211L	0	0	1	2	4	6	10	18	28	39	54	86	128	177	239	295	341	348	299	221	124	34	2	0	0	0	0	0	0	0	0	0	0	0	0	0	0	0	0	0	0	0	7	9	15	18	30	77	116	155	205	258	294	222	181	79	11	0	0	0	0	0	0	0	0	0	0	0	0	0	0	0	0	0	0	0	6	22	19	25	42	91	138	160	176	226	214	127	74	45	5	0	0	0	0	0	0	0	0	0	0	0	1	1	2	2	2	2	8	21	40	51	67	108	157	200	266	320	357	361	313	219	103	23	1	0	0	0	0	0	0	0	0	0	0	0	1297	26	18	372	0.42380641242019795	0.9819246620423273	15.565120371294489
311D	1	3	4	4	5	9	20	28	35	45	71	97	137	162	174	176	159	146	123	74	24	1	0	0	0	0	0	0	0	0	0	0	0	0	0	0	0	0	0	0	0	0	0	0	0	0	0	0	0	0	0	0	0	0	0	0	0	0	0	0	0	0	0	0	0	0	0	0	0	0	0	0	0	0	0	0	14	84	33	6	54	153	145	332	250	188	177	73	21	0	0	0	0	0	0	0	0	0	0	0	0	0	2	0	0	0	0	5	20	19	21	9	26	37	109	130	109	87	84	76	55	34	12	0	0	0	0	0	0	0	0	0	0	0	0	0	486	0	22	40	0.2682803206950843	0.9805714875053504	12.284471041196614
112D	1	3	4	4	5	10	20	27	35	47	72	101	139	166	176	177	160	147	118	70	21	1	0	0	0	0	0	0	0	0	0	0	0	0	0	0	0	0	0	0	0	0	0	0	0	0	0	0	0	0	0	0	0	0	0	0	0	0	0	0	0	0	0	0	0	0	0	0	0	0	0	0	0	0	0	0	15	86	31	13	63	149	150	335	245	197	162	65	17	0	0	0	0	0	0	0	0	0	0	0	0	0	2	0	0	0	0	5	12	20	21	11	19	34	104	128	110	89	83	74	52	36	12	0	0	0	0	0	0	0	0	0	0	0	0	0	490	0	22	38	0.2735450620654924	0.9770127372075931	12.111966246069395
112L	0	0	1	2	4	6	10	17	28	39	54	84	127	175	236	292	338	348	303	225	127	36	2	0	0	0	0	0	0	0	0	0	0	0	0	0	0	0	0	0	0	0	6	12	10	18	32	74	120	156	207	254	292	224	180	81	12	0	0	0	0	0	0	0	0	0	0	0	0	0	0	0	0	0	0	0	5	24	19	24	35	80	135	164	193	213	219	130	76	46	5	0	0	0	0	0	0	0	0	0	0	0	0	2	3	2	2	2	7	21	38	52	67	108	154	200	262	318	354	360	318	226	108	25	1	0	0	0	0	0	0	0	0	0	0	0	1293	26	18	373	0.4247872770624888	0.9813759182407648	15.653219767258477
112M	0	0	1	2	4	5	10	20	28	37	57	87	127	183	245	312	365	375	308	172	46	3	0	0	0	0	0	0	0	0	0	0	0	0	0	0	0	0	0	0	0	0	0	12	27	19	41	85	82	116	225	272	289	254	122	24	0	0	0	0	0	0	0	0	0	0	0	0	0	0	0	0	0	0	0	0	0	6	25	43	51	56	93	147	189	241	276	192	119	17	0	0	0	0	0	0	0	0	0	0	0	0	1	2	4	2	1	2	8	21	42	55	72	115	170	221	294	353	397	376	284	135	34	2	0	0	0	0	0	0	0	0	0	0	0	0	1225	23	20	362	0.6197281921761956	0.7342516966764627	14.635633924778086
212L	0	0	1	2	4	6	10	18	28	39	53	86	127	176	237	295	345	358	316	228	122	33	2	0	0	0	0	0	0	0	0	0	0	0	0	0	0	0	0	0	0	0	6	7	13	24	29	82	113	157	209	253	294	222	178	76	11	0	0	0	0	0	0	0	0	0	0	0	0	0	0	0	0	0	0	0	5	23	20	24	37	84	135	163	192	217	217	128	75	45	5	0	0	0	0	0	0	0	0	0	0	0	1	2	3	2	2	3	7	20	39	51	68	107	155	200	265	323	364	372	325	222	101	22	1	0	0	0	0	0	0	0	0	0	0	0	1328	26	18	380	0.44808695434683044	0.97804889635807	15.6267935942378
113D	1	3	4	4	5	10	20	28	35	47	73	99	138	164	176	177	159	146	119	72	22	0	0	0	0	0	0	0	0	0	0	0	0	0	0	0	0	0	0	0	0	0	0	0	0	0	0	0	0	0	0	0	0	0	0	0	0	0	0	0	0	0	0	0	0	0	0	0	0	0	0	0	0	0	0	0	17	82	32	13	59	147	151	335	248	193	165	68	19	0	0	0	0	0	0	0	0	0	0	0	0	0	4	1	0	0	0	6	17	25	20	13	25	41	106	137	115	88	84	79	56	32	10	0	0	0	0	0	0	0	0	0	0	0	0	0	488	0	22	42	0.2726102830881552	0.9793821003225267	12.153894700369687
113L	0	0	1	2	4	6	10	17	28	39	53	84	127	174	235	291	337	347	304	227	131	38	3	0	0	0	0	0	0	0	0	0	0	0	0	0	0	0	0	0	0	0	3	9	11	18	41	67	119	165	190	260	294	227	186	105	17	0	0	0	0	0	0	0	0	0	0	0	0	0	0	0	0	0	0	0	5	24	18	22	37	82	132	164	193	213	219	130	77	47	6	0	0	0	0	0	0	0	0	0	0	0	1	2	3	2	1	2	8	21	38	52	66	106	154	199	261	317	354	359	318	228	110	26	1	0	0	0	0	0	0	0	0	0	0	0	1297	27	18	373	0.4215347872438495	0.9809359153923787	15.722632267742538
213L	0	0	1	2	4	6	11	18	28	40	54	86	129	177	239	295	340	349	299	221	123	33	2	0	0	0	0	0	0	0	0	0	0	0	0	0	0	0	0	0	0	0	3	8	20	20	29	75	116	164	206	266	289	219	177	75	9	0	0	0	0	0	0	0	0	0	0	0	0	0	0	0	0	0	0	0	10	16	21	26	36	79	143	167	188	215	217	127	75	45	5	0	0	0	0	0	0	0	0	0	0	0	1	2	3	2	2	2	8	21	38	53	71	106	155	204	263	322	356	361	314	218	101	21	1	0	0	0	0	0	0	0	0	0	0	0	1297	26	18	372	0.4234399911494912	0.9799656943558924	15.542362639256844
413D	0	1	3	5	6	10	17	25	34	43	57	76	104	134	176	229	220	187	156	80	18	0	0	0	0	0	0	0	0	0	0	0	0	0	0	0	0	0	0	0	0	0	0	0	0	0	0	0	0	0	0	0	0	0	0	0	0	0	0	0	0	0	0	0	0	0	0	0	0	0	0	0	0	0	0	9	69	46	3	7	65	84	248	384	232	180	192	65	20	2	0	0	0	0	0	0	0	0	0	0	0	0	0	0	0	0	0	1	11	22	17	14	27	44	78	81	86	112	127	96	85	47	13	0	0	0	0	0	0	0	0	0	0	0	0	0	542	0	24	42	0.4007949118759039	0.9759228481945593	13.202203460360204
114D	1	3	4	4	5	10	20	28	34	47	72	99	139	167	177	178	159	147	118	70	20	0	0	0	0	0	0	0	0	0	0	0	0	0	0	0	0	0	0	0	0	0	0	0	0	0	0	0	0	0	0	0	0	0	0	0	0	0	0	0	0	0	0	0	0	0	0	0	0	0	0	0	0	0	0	0	15	84	33	16	63	147	147	335	249	195	163	64	16	0	0	0	0	0	0	0	0	0	0	0	0	0	3	1	0	0	0	5	14	21	17	11	22	34	98	122	99	87	84	70	51	38	12	0	0	0	0	0	0	0	0	0	0	0	0	0	488	0	22	36	0.2771853044039183	0.9793053617170473	12.114469654403011
114L	0	0	1	2	3	6	10	18	28	39	54	85	127	175	237	293	338	347	302	224	126	35	2	0	0	0	0	0	0	0	0	0	0	0	0	0	0	0	0	0	0	0	3	10	11	19	30	79	124	150	197	261	294	226	177	84	13	0	0	0	0	0	0	0	0	0	0	0	0	0	0	0	0	0	0	0	5	23	20	24	36	82	134	163	194	215	219	129	76	46	5	0	0	0	0	0	0	0	0	0	0	0	1	2	3	2	1	2	7	22	39	52	67	106	156	201	262	319	355	359	317	223	105	24	1	0	0	0	0	0	0	0	0	0	0	0	1293	26	18	372	0.4246627908625826	0.982560920248677	15.623781887699321
214L	0	0	1	2	4	6	10	18	27	39	54	82	125	174	231	291	339	353	305	223	126	42	7	0	0	0	0	0	0	0	0	0	0	0	0	0	0	0	0	0	0	0	2	11	11	14	31	50	121	148	215	243	283	244	180	85	35	3	0	0	0	0	0	0	0	0	0	0	0	0	0	0	0	0	0	1	13	14	16	26	40	80	123	168	182	228	213	125	79	51	8	0	0	0	0	0	0	0	0	0	0	0	1	2	3	2	2	2	7	21	38	50	66	104	151	196	257	311	359	365	324	223	106	33	5	0	0	0	0	0	0	0	0	0	0	0	1297	26	18	372	0.4107194630202129	0.9682830146291116	15.73293514756568
314D	2	3	4	7	8	13	25	34	45	59	83	107	136	161	163	133	92	49	12	0	0	0	0	0	0	0	0	0	0	0	0	0	0	0	0	0	0	0	0	0	0	0	0	0	0	0	0	0	0	0	0	0	0	0	0	0	0	0	0	0	0	0	0	0	0	0	0	0	0	0	0	0	0	0	0	2	36	95	56	75	112	166	272	157	95	21	0	0	0	0	0	0	0	0	0	0	0	0	0	0	0	0	1	0	0	0	0	2	17	22	12	15	53	74	80	68	74	78	69	34	8	0	0	0	0	0	0	0	0	0	0	0	0	0	0	0	282	0	12	22	0.4818922795352558	0.9074401539017654	9.050416323455142
414D	1	3	4	5	6	11	22	29	37	50	68	87	119	149	191	217	180	117	56	12	0	0	0	0	0	0	0	0	0	0	0	0	0	0	0	0	0	0	0	0	0	0	0	0	0	0	0	0	0	0	0	0	0	0	0	0	0	0	0	0	0	0	0	0	0	0	0	0	0	0	0	0	0	0	0	4	53	75	10	4	61	120	184	340	259	167	72	19	3	0	0	0	0	0	0	0	0	0	0	0	0	0	0	0	0	0	0	1	19	24	20	11	28	49	90	82	88	102	88	73	34	8	0	0	0	0	0	0	0	0	0	0	0	0	0	0	404	0	18	30	0.4423866850371033	0.8482101350014608	11.039728490424546
115L	0	0	1	2	4	6	10	17	28	40	54	86	128	176	238	293	339	347	302	223	125	34	2	0	0	0	0	0	0	0	0	0	0	0	0	0	0	0	0	0	0	1	7	9	12	16	33	80	117	153	207	257	291	222	182	80	11	0	0	0	0	0	0	0	0	0	0	0	0	0	0	0	0	0	0	0	5	24	19	25	36	82	134	164	194	214	218	128	76	45	5	0	0	0	0	0	0	0	0	0	0	0	1	2	3	2	2	2	8	21	39	51	67	107	157	200	263	319	354	359	318	226	108	24	1	0	0	0	0	0	0	0	0	0	0	0	1293	26	18	374	0.4245512563973118	0.9818414543038392	15.590717923791734
215L	0	0	1	2	4	6	10	18	28	39	55	86	129	177	239	293	339	348	301	223	124	34	2	0	0	0	0	0	0	0	0	0	0	0	0	0	0	0	0	0	0	0	3	13	14	16	32	79	117	150	204	256	296	224	182	81	11	0	0	0	0	0	0	0	0	0	0	0	0	0	0	0	0	0	0	0	7	20	18	26	37	85	136	167	188	218	217	126	75	45	5	0	0	0	0	0	0	0	0	0	0	0	1	1	3	3	2	2	7	21	39	51	70	109	155	202	264	319	355	361	315	220	103	22	1	0	0	0	0	0	0	0	0	0	0	0	1297	26	18	372	0.42396546892643494	0.9816877144181562	15.574797462466933
315D	1	3	4	5	7	13	24	31	41	55	75	95	127	153	178	192	141	68	21	1	0	0	0	0	0	0	0	0	0	0	0	0	0	0	0	0	0	0	0	0	0	0	0	0	0	0	0	0	0	0	0	0	0	0	0	0	0	0	0	0	0	0	0	0	0	0	0	0	0	0	0	0	0	0	0	9	81	61	4	7	64	72	179	376	218	90	26	1	0	0	0	0	0	0	0	0	0	0	0	0	0	0	0	0	0	0	0	0	6	28	23	15	31	55	97	81	83	88	72	43	14	1	0	0	0	0	0	0	0	0	0	0	0	0	0	0	332	0	14	24	0.4691730171796543	0.89355508606224	9.957783866256598
116D	1	3	3	5	6	10	20	27	35	45	64	84	120	164	217	234	191	150	87	28	3	0	0	0	0	0	0	0	0	0	0	0	0	0	0	0	0	0	0	0	0	0	0	0	0	0	0	0	0	0	0	0	0	0	0	0	0	0	0	0	0	0	0	0	0	0	0	0	0	0	0	0	0	0	0	7	70	53	6	29	104	93	191	381	246	216	72	42	18	0	0	0	0	0	0	0	0	0	0	0	0	0	2	1	0	0	0	0	10	20	20	14	31	48	99	109	124	120	100	90	39	11	0	0	0	0	0	0	0	0	0	0	0	0	0	0	486	0	22	40	0.4388089084228512	0.9144590965462558	11.683147295182017
216L	0	0	1	2	4	6	10	18	28	39	55	85	128	177	237	291	336	344	299	227	132	40	3	0	0	0	0	0	0	0	0	0	0	0	0	0	0	0	0	0	0	2	3	5	17	23	21	74	132	150	203	248	296	234	177	80	12	0	0	0	0	0	0	0	0	0	0	0	0	0	0	0	0	0	0	1	7	13	24	34	42	79	145	163	194	212	204	134	70	43	5	0	0	0	0	0	0	0	0	0	0	0	0	2	3	2	2	2	8	22	39	51	68	108	155	199	261	315	349	355	316	236	121	31	2	0	0	0	0	0	0	0	0	0	0	0	1300	26	18	378	0.40906101910008313	0.9858044870743501	15.697968061787
316D	1	3	4	5	6	11	22	31	41	57	88	117	153	176	182	171	152	105	46	8	0	0	0	0	0	0	0	0	0	0	0	0	0	0	0	0	0	0	0	0	0	0	0	0	0	0	0	0	0	0	0	0	0	0	0	0	0	0	0	0	0	0	0	0	0	0	0	0	0	0	0	0	0	0	0	1	20	62	66	8	23	91	120	240	256	201	77	23	0	0	0	0	0	0	0	0	0	0	0	0	0	0	2	1	0	0	0	4	25	31	25	23	40	47	79	115	100	97	86	57	27	5	0	0	0	0	0	0	0	0	0	0	0	0	0	0	412	0	14	34	0.42263709781621117	0.9373859124238612	10.174934919629742
117D	1	3	3	5	5	10	21	27	35	46	64	85	120	164	214	232	190	151	89	30	4	0	0	0	0	0	0	0	0	0	0	0	0	0	0	0	0	0	0	0	0	0	0	0	0	0	0	0	0	0	0	0	0	0	0	0	0	0	0	0	0	0	0	0	0	0	0	0	0	0	0	0	0	0	0	7	70	53	5	25	100	100	189	382	243	217	79	42	19	0	0	0	0	0	0	0	0	0	0	0	0	0	1	0	0	0	0	0	9	22	20	12	34	51	104	105	117	113	100	90	41	15	1	0	0	0	0	0	0	0	0	0	0	0	0	0	486	0	22	40	0.42909760523919177	0.9016771250703696	11.700313684999601
117E	0	0	0	0	0	3	7	11	13	19	34	67	85	123	188	275	354	472	550	590	558	499	414	241	67	4	0	0	0	0	0	0	0	0	0	0	0	0	0	1	1	2	6	13	16	19	28	50	67	108	164	261	335	382	394	379	252	151	58	8	0	0	0	0	0	0	0	0	0	0	0	0	0	0	3	8	12	16	20	32	50	67	93	142	209	304	367	383	401	391	332	203	63	6	0	0	0	0	0	0	0	0	0	0	0	0	1	3	6	11	18	27	42	73	104	149	221	314	416	533	614	652	614	537	418	219	53	3	0	0	0	0	0	0	0	0	4466	64	84	1351	0.3325189513154793	0.9383883229569266	25.057434487846844
217L	0	0	1	2	4	6	10	18	28	39	54	86	128	175	236	292	337	346	302	225	129	37	2	0	0	0	0	0	0	0	0	0	0	0	0	0	0	0	0	0	0	1	5	11	13	14	29	77	121	150	205	238	295	225	180	97	15	0	0	0	0	0	0	0	0	0	0	0	0	0	0	0	0	0	0	0	5	23	30	27	32	72	126	158	198	226	224	130	86	65	9	0	0	0	0	0	0	0	0	0	0	0	1	1	3	2	2	1	7	22	41	51	67	108	157	200	263	318	353	358	316	226	108	24	1	0	0	0	0	0	0	0	0	0	0	0	1295	26	19	373	0.42082523437538916	0.9816392917100044	15.65665142601906
118L	0	0	1	2	3	5	10	18	28	40	54	85	128	176	237	293	338	346	302	224	125	35	2	0	0	0	0	0	0	0	0	0	0	0	0	0	0	0	0	0	0	0	2	9	12	18	38	78	117	144	200	253	290	236	183	85	13	0	0	0	0	0	0	0	0	0	0	0	0	0	0	0	0	0	0	0	5	24	20	24	36	82	135	165	193	214	218	127	75	46	5	0	0	0	0	0	0	0	0	0	0	0	1	2	3	2	1	2	8	22	39	51	68	107	157	201	264	318	356	358	315	219	102	22	1	0	0	0	0	0	0	0	0	0	0	0	1293	26	18	370	0.42520835221806685	0.9830842844081543	15.60255897816603
218L	0	0	1	2	4	7	10	17	28	39	54	81	124	172	229	285	332	347	305	230	134	48	9	0	0	0	0	0	0	0	0	0	0	0	0	0	0	0	0	0	1	3	0	2	8	19	38	57	112	165	182	247	278	245	191	95	33	2	0	0	0	0	0	0	0	0	0	0	0	0	0	0	0	0	0	0	3	17	27	32	39	74	115	184	194	203	205	150	74	44	9	0	0	0	0	0	0	0	0	0	0	0	1	1	3	2	2	2	7	21	39	53	68	100	152	197	250	306	351	360	322	226	113	41	7	0	0	0	0	0	0	0	0	0	0	0	1297	26	18	372	0.39805996882119127	0.9855842863992397	15.896773897445014
418D	1	3	5	5	8	13	22	30	40	53	71	95	135	170	180	156	102	73	48	19	7	1	0	0	0	0	0	0	0	0	0	0	0	0	0	0	0	0	0	0	0	0	0	0	0	0	0	0	0	0	0	0	0	0	0	0	0	0	0	0	0	0	0	0	0	0	0	0	0	0	0	0	0	0	0	16	98	41	1	15	81	56	188	350	184	85	45	25	3	0	0	0	0	0	0	0	0	0	0	0	0	0	0	0	0	0	0	0	10	21	20	18	29	44	92	80	90	75	52	46	35	14	8	1	0	0	0	0	0	0	0	0	0	0	0	0	332	0	14	24	0.31940525437228584	0.984599596964456	10.146169103037721
119L	0	0	1	2	4	6	10	17	28	39	53	84	126	174	235	291	337	348	304	226	129	37	3	0	0	0	0	0	0	0	0	0	0	0	0	0	0	0	0	0	0	0	7	10	11	17	32	72	120	149	209	252	291	227	184	85	13	0	0	0	0	0	0	0	0	0	0	0	0	0	0	0	0	0	0	0	5	23	19	23	37	79	134	163	193	215	219	130	76	47	6	0	0	0	0	0	0	0	0	0	0	0	1	1	3	2	2	1	7	22	38	51	67	106	155	199	261	317	353	359	317	223	106	24	1	0	0	0	0	0	0	0	0	0	0	0	1293	26	18	370	0.4243948928157312	0.9821453295665921	15.69147519656993
219L	0	0	1	2	4	6	10	18	28	39	54	86	128	177	239	294	341	352	306	225	123	33	2	0	0	0	0	0	0	0	0	0	0	0	0	0	0	0	0	0	0	0	4	6	19	22	29	80	115	150	212	260	295	221	175	77	10	0	0	0	0	0	0	0	0	0	0	0	0	0	0	0	0	0	0	0	8	18	19	27	37	86	138	165	191	219	216	122	74	44	5	0	0	0	0	0	0	0	0	0	0	0	1	2	3	2	1	2	8	21	40	52	68	108	157	201	266	322	360	367	318	219	100	21	1	0	0	0	0	0	0	0	0	0	0	0	1308	26	18	376	0.43817896369685316	0.9908668794375014	15.567463099970665
419D	1	3	4	6	7	12	21	28	39	49	64	87	120	159	178	160	106	83	63	25	11	3	0	0	0	0	0	0	0	0	0	0	0	0	0	0	0	0	0	0	0	0	0	0	0	0	0	0	0	0	0	0	0	0	0	0	0	0	0	0	0	0	0	0	0	0	0	0	0	0	0	0	0	0	0	12	86	54	3	11	77	57	164	351	191	97	49	28	6	0	0	0	0	0	0	0	0	0	0	0	0	0	0	0	0	0	0	1	12	22	19	13	29	39	83	81	88	79	52	47	43	16	10	3	0	0	0	0	0	0	0	0	0	0	0	0	330	0	14	24	0.28330701561386207	0.9786476877090787	10.62897129066961
11AS	0	0	0	0	0	2	5	10	14	21	34	58	81	120	190	266	377	511	642	723	704	568	373	171	35	1	0	0	0	0	0	0	0	0	0	0	0	0	0	0	0	2	4	2	9	14	31	71	97	127	202	300	332	393	408	369	239	113	22	0	0	0	0	0	0	0	0	0	0	0	0	0	0	0	0	2	4	9	19	23	31	67	106	152	206	254	359	451	484	490	389	191	46	3	0	0	0	0	0	0	0	0	0	0	0	0	1	2	4	11	19	29	41	65	97	138	203	290	415	566	715	790	732	563	349	150	27	1	0	0	0	0	0	0	0	0	5136	66	94	1448	0.4549366403201253	0.9213575445757592	24.388893066397618
11BA	0	0	0	1	2	5	8	13	21	34	49	70	102	152	202	264	327	364	370	335	276	205	124	37	1	0	0	0	0	0	0	0	0	0	0	0	0	0	0	0	2	0	1	12	22	27	34	46	84	138	191	255	283	256	226	217	125	55	19	0	0	0	0	0	0	0	0	0	0	0	0	0	0	0	0	0	8	14	11	11	27	90	105	98	195	142	171	204	193	90	10	0	0	0	0	0	0	0	0	0	0	0	0	1	2	1	1	2	5	13	24	36	51	74	108	149	194	245	284	318	330	311	283	221	127	36	2	0	0	0	0	0	0	0	0	0	1882	36	18	428	0.2740733313190961	0.9902335714746257	19.685857661632777
11BG	0	0	0	1	2	5	8	14	21	33	52	69	103	152	205	263	327	364	369	339	276	201	121	36	1	0	0	0	0	0	0	0	0	0	0	0	0	0	0	0	0	0	5	13	24	25	35	57	94	113	186	276	274	246	237	222	118	53	15	0	0	0	0	0	0	0	0	0	0	0	0	0	0	0	0	0	5	13	11	17	26	75	114	102	200	149	180	210	183	77	8	0	0	0	0	0	0	0	0	0	0	0	0	1	1	1	1	2	4	12	25	36	51	74	106	154	196	240	282	315	332	314	285	218	125	36	2	0	0	0	0	0	0	0	0	0	1882	36	18	428	0.2746205579224291	0.9870823362457583	19.625515231661357
21BI	0	0	1	1	3	6	10	18	28	40	58	87	133	187	261	334	391	380	275	129	28	1	0	0	0	0	0	0	0	0	0	0	0	0	0	0	0	0	0	0	0	0	0	0	8	26	49	91	71	147	220	235	290	192	42	1	0	0	0	0	0	0	0	0	0	0	0	0	0	0	0	0	0	0	0	0	8	21	14	29	60	63	94	123	156	229	300	229	80	4	0	0	0	0	0	0	0	0	0	0	0	0	1	2	4	2	2	2	7	20	37	52	71	116	176	234	318	392	415	362	235	92	18	0	0	0	0	0	0	0	0	0	0	0	0	0	1206	18	19	353	0.7929190365730031	0.9219257625681568	14.087518938293348
31BI	0	0	1	2	3	5	10	19	28	40	59	88	133	189	262	335	388	374	269	126	27	1	0	0	0	0	0	0	0	0	0	0	0	0	0	0	0	0	0	0	0	0	0	0	9	26	49	91	70	148	220	236	289	191	41	1	0	0	0	0	0	0	0	0	0	0	0	0	0	0	0	0	0	0	0	0	8	21	14	30	59	64	95	122	157	229	300	229	80	4	0	0	0	0	0	0	0	0	0	0	0	0	1	1	3	2	1	2	7	20	37	52	71	113	177	232	318	391	416	361	235	92	18	0	0	0	0	0	0	0	0	0	0	0	0	0	1194	18	19	352	0.7804487311832287	0.9288373608334917	14.0212061334485
41BI	0	0	1	2	4	6	10	19	28	41	59	88	135	189	262	333	382	365	253	112	22	1	0	0	0	0	0	0	0	0	0	0	0	0	0	0	0	0	0	0	0	0	0	0	8	25	26	60	61	148	205	225	236	141	49	4	0	0	0	0	0	0	0	0	0	0	0	0	0	0	0	0	0	0	0	3	9	11	20	34	67	79	83	100	147	195	255	213	63	2	0	0	0	0	0	0	0	0	0	0	0	0	1	3	4	2	2	2	7	20	38	52	71	116	177	234	318	390	412	355	228	88	17	0	0	0	0	0	0	0	0	0	0	0	0	0	1147	14	16	347	0.7708918484458839	0.9156972508022377	13.84411624351475
11GS	0	0	0	0	1	3	7	12	19	28	39	59	98	148	211	299	408	533	626	629	493	247	47	1	0	0	0	0	0	0	0	0	0	0	0	0	0	0	0	1	0	0	2	7	10	17	29	55	74	129	215	253	359	334	295	213	102	12	0	0	0	0	0	0	0	0	0	0	0	0	0	0	0	0	0	2	8	20	21	17	35	69	76	121	208	314	361	353	339	247	76	4	0	0	0	0	0	0	0	0	0	0	0	0	1	1	1	2	6	13	26	38	50	77	123	172	236	333	458	598	707	697	521	224	39	1	0	0	0	0	0	0	0	0	0	0	3262	40	46	1000	0.6919912121156014	0.9024781075106293	19.995401900997038
120L	0	0	1	2	3	5	10	17	28	39	53	84	126	174	234	290	336	347	306	228	130	38	3	0	0	0	0	0	0	0	0	0	0	0	0	0	0	0	0	0	0	1	9	10	10	13	31	70	116	151	204	229	294	248	184	89	16	0	0	0	0	0	0	0	0	0	0	0	0	0	0	0	0	0	0	0	6	23	19	24	35	78	135	163	194	210	222	132	77	47	6	0	0	0	0	0	0	0	0	0	0	0	1	2	3	2	1	2	8	21	39	51	67	106	155	199	262	317	354	359	317	223	106	24	1	0	0	0	0	0	0	0	0	0	0	0	1293	26	18	370	0.4245158761673218	0.9832523407959071	15.72855283856471
220D	1	3	4	5	6	12	22	30	38	50	69	90	127	169	214	218	160	99	39	8	0	0	0	0	0	0	0	0	0	0	0	0	0	0	0	0	0	0	0	0	0	0	0	0	0	0	0	0	0	0	0	0	0	0	0	0	0	0	0	0	0	0	0	0	0	0	0	0	0	0	0	0	0	0	0	7	65	64	9	31	85	96	201	364	242	146	40	17	2	0	0	0	0	0	0	0	0	0	0	0	0	0	2	0	0	0	0	1	15	24	19	11	25	52	92	96	106	104	95	67	27	9	0	0	0	0	0	0	0	0	0	0	0	0	0	0	404	0	18	32	0.46774230479414286	0.8369706541568095	10.62096145621619
220L	0	0	1	2	4	6	10	18	28	39	53	85	127	174	236	292	338	347	304	226	126	35	2	0	0	0	0	0	0	0	0	0	0	0	0	0	0	0	0	3	0	0	4	5	11	21	38	75	114	151	190	254	283	248	186	81	11	0	0	0	0	0	0	0	0	0	0	0	0	0	0	0	0	0	0	0	5	22	19	26	36	81	137	164	190	218	218	127	75	45	5	0	0	0	0	0	0	0	0	0	0	0	1	1	3	3	2	1	7	20	40	52	66	108	157	198	263	318	355	361	316	222	104	23	1	0	0	0	0	0	0	0	0	0	0	0	1289	26	18	371	0.4284179205552815	0.9814065375188766	15.64604510002202
320D	1	3	4	5	5	10	22	29	38	49	67	87	118	148	191	223	187	115	51	10	0	0	0	0	0	0	0	0	0	0	0	0	0	0	0	0	0	0	0	0	0	0	0	0	0	0	0	0	0	0	0	0	0	0	0	0	0	0	0	0	0	0	0	0	0	0	0	0	0	0	0	0	0	0	0	7	65	65	5	7	77	96	172	351	275	162	64	21	3	0	0	0	0	0	0	0	0	0	0	0	0	0	0	0	0	0	0	2	10	24	21	15	21	40	85	82	95	120	103	72	25	4	0	0	0	0	0	0	0	0	0	0	0	0	0	0	404	0	18	30	0.4529773749133125	0.8470178441095263	11.043919618994266
420D	1	2	3	4	5	9	17	23	31	42	56	77	108	146	201	240	216	205	180	128	66	13	0	0	0	0	0	0	0	0	0	0	0	0	0	0	0	0	0	0	0	0	0	0	0	0	0	0	0	0	0	0	0	0	0	0	0	0	0	0	0	0	0	0	0	0	0	0	0	0	0	0	0	0	0	7	63	42	3	12	88	106	201	358	248	251	214	111	75	30	1	0	0	0	0	0	0	0	0	0	0	0	0	0	0	0	0	1	9	19	18	10	19	39	76	66	88	116	109	114	98	75	40	7	0	0	0	0	0	0	0	0	0	0	0	0	678	0	30	46	0.3146423033662317	0.983002783622439	14.211988024327994
121D	1	3	4	4	6	10	19	27	35	46	69	98	137	165	176	177	159	148	120	72	22	1	0	0	0	0	0	0	0	0	0	0	0	0	0	0	0	0	0	0	0	0	0	0	0	0	0	0	0	0	0	0	0	0	0	0	0	0	0	0	0	0	0	0	0	0	0	0	0	0	0	0	0	0	0	0	13	80	38	12	62	150	147	331	248	200	170	64	15	0	0	0	0	0	0	0	0	0	0	0	0	0	3	1	0	0	0	4	17	25	19	14	26	44	112	131	111	88	84	79	58	33	11	0	0	0	0	0	0	0	0	0	0	0	0	0	486	0	22	42	0.2750490039370097	0.9825288248941179	12.223401378884418
121P	0	0	0	0	2	4	7	11	18	28	48	66	101	156	220	301	398	480	517	474	372	224	77	11	0	0	0	0	0	0	0	0	0	0	0	0	0	0	0	0	0	1	4	4	9	24	37	60	102	150	212	267	342	310	278	178	69	5	0	0	0	0	0	0	0	0	0	0	0	0	0	0	0	0	0	4	6	13	22	35	43	65	94	153	237	313	404	392	282	234	138	36	2	0	0	0	0	0	0	0	0	0	0	1	2	1	1	1	6	14	24	37	52	83	128	175	245	331	430	509	531	470	362	211	75	13	0	0	0	0	0	0	0	0	0	0	2644	38	54	736	0.46069885961924356	0.9655899525561926	19.55653185047375
221D	1	3	4	5	6	11	21	29	39	50	67	88	118	149	192	225	187	112	47	9	0	0	0	0	0	0	0	0	0	0	0	0	0	0	0	0	0	0	0	0	0	0	0	0	0	0	0	0	0	0	0	0	0	0	0	0	0	0	0	0	0	0	0	0	0	0	0	0	0	0	0	0	0	0	0	7	62	68	6	13	79	91	173	342	290	167	53	19	2	0	0	0	0	0	0	0	0	0	0	0	0	0	1	0	0	0	0	2	12	23	20	16	25	53	83	79	99	112	103	78	30	8	0	0	0	0	0	0	0	0	0	0	0	0	0	0	404	0	18	32	0.45969708784717145	0.8374419858666925	10.97502031950656
221L	0	0	1	2	4	5	10	17	28	39	54	85	128	175	237	292	338	347	302	224	126	36	2	0	0	0	0	0	0	0	0	0	0	0	0	0	0	0	0	0	0	0	7	9	11	17	35	77	117	154	208	254	288	223	183	81	12	0	0	0	0	0	0	0	0	0	0	0	0	0	0	0	0	0	0	0	4	24	19	24	37	81	135	163	194	214	217	129	75	46	5	0	0	0	0	0	0	0	0	0	0	0	1	2	3	2	2	2	7	21	39	51	68	107	155	199	262	318	354	359	315	222	104	23	1	0	0	0	0	0	0	0	0	0	0	0	1293	26	18	370	0.4232265522035098	0.9823867881638966	15.631538651054095
221P	0	0	0	1	2	4	8	12	17	29	48	67	99	154	222	300	399	476	516	476	376	228	76	10	0	0	0	0	0	0	0	0	0	0	0	0	0	0	0	0	0	3	3	6	13	24	38	74	91	140	229	275	344	311	266	174	60	3	0	0	0	0	0	0	0	0	0	0	0	0	0	0	0	0	0	0	8	14	23	34	40	74	94	147	229	319	396	386	289	235	143	38	3	0	0	0	0	0	0	0	0	0	0	0	2	1	1	2	6	13	26	38	52	83	128	177	245	332	433	505	522	473	374	216	69	10	0	0	0	0	0	0	0	0	0	0	2646	38	54	738	0.4614087524388446	0.9692846850294132	19.588030977859543
421P	0	0	0	1	1	4	8	11	17	29	48	66	99	154	220	299	398	476	517	477	378	233	80	10	0	0	0	0	0	0	0	0	0	0	0	0	0	0	0	0	0	3	1	7	14	32	27	56	106	146	217	281	338	314	271	194	89	11	0	0	0	0	0	0	0	0	0	0	0	0	0	0	0	0	0	3	6	10	25	34	41	73	93	149	231	319	396	386	288	236	140	37	2	0	0	0	0	0	0	0	0	0	0	1	1	1	1	2	5	13	25	38	52	83	126	177	246	330	434	503	525	473	377	220	71	10	0	0	0	0	0	0	0	0	0	0	2658	40	54	740	0.4589605065516327	0.9710472187856835	19.662195135239394
521P	0	0	0	0	1	4	7	12	18	29	47	66	101	154	220	300	398	477	516	477	377	230	77	10	0	0	0	0	0	0	0	0	0	0	0	0	0	0	0	0	0	0	6	9	14	27	32	53	93	156	223	268	342	317	266	177	67	2	0	0	0	0	0	0	0	0	0	0	0	0	0	0	0	0	0	1	10	10	21	34	44	73	91	148	227	312	401	391	287	233	143	41	3	0	0	0	0	0	0	0	0	0	0	1	1	1	1	2	6	13	24	38	55	84	125	177	246	333	434	504	522	475	378	220	71	10	0	0	0	0	0	0	0	0	0	0	2654	38	54	742	0.46115535575167266	0.9686404884866024	19.624501296629035
621P	0	0	0	1	2	4	7	11	18	29	48	67	100	155	223	300	401	479	517	476	374	224	73	9	0	0	0	0	0	0	0	0	0	0	0	0	0	0	0	0	0	3	2	6	11	22	29	72	106	146	224	264	350	312	271	171	60	4	0	0	0	0	0	0	0	0	0	0	0	0	0	0	0	0	1	2	7	9	28	33	39	74	97	149	233	324	396	386	284	232	136	36	2	0	0	0	0	0	0	0	0	0	0	0	2	2	1	2	6	15	25	38	54	84	127	179	248	334	434	506	525	472	367	207	63	8	0	0	0	0	0	0	0	0	0	0	2646	38	54	734	0.4654303632480879	0.9701515018903965	19.52413208388195
721P	0	0	0	1	2	4	7	11	18	29	47	67	99	154	221	298	399	477	517	477	376	227	75	9	0	0	0	0	0	0	0	0	0	0	0	0	0	0	0	0	0	1	4	5	15	26	31	61	103	149	212	268	349	313	272	175	66	3	0	0	0	0	0	0	0	0	0	0	0	0	0	0	0	0	0	1	7	14	24	31	44	72	87	148	226	320	397	389	294	237	140	37	3	0	0	0	0	0	0	0	0	0	0	0	1	1	1	2	5	14	24	37	53	84	127	174	245	331	433	506	525	473	375	219	72	11	0	0	0	0	0	0	0	0	0	0	2642	38	54	740	0.4661082849690453	0.9672893212854942	19.58153482559163
821P	0	0	0	0	1	4	8	12	18	29	47	66	101	157	220	302	398	479	516	474	375	228	77	10	0	0	0	0	0	0	0	0	0	0	0	0	0	0	0	0	0	2	3	4	14	32	33	62	101	147	213	277	351	308	270	168	64	4	0	0	0	0	0	0	0	0	0	0	0	0	0	0	0	0	0	1	7	12	21	32	46	69	86	157	224	317	401	386	290	238	142	39	2	0	0	0	0	0	0	0	0	0	0	1	1	1	1	2	6	14	26	37	52	85	126	177	246	333	434	507	525	471	373	218	72	11	0	0	0	0	0	0	0	0	0	0	2652	38	54	742	0.4584827163830196	0.9658409213317487	19.57478733225452
122D	1	3	4	5	6	11	22	29	38	49	74	98	140	172	182	168	140	115	82	27	1	0	0	0	0	0	0	0	0	0	0	0	0	0	0	0	0	0	0	0	0	0	0	0	0	0	0	0	0	0	0	0	0	0	0	0	0	0	0	0	0	0	0	0	0	0	0	0	0	0	0	0	0	0	0	0	12	90	39	8	40	159	173	329	228	151	111	27	1	0	0	0	0	0	0	0	0	0	0	0	0	0	0	0	0	0	0	2	13	20	16	18	20	39	71	118	99	72	70	67	49	15	1	0	0	0	0	0	0	0	0	0	0	0	0	0	406	0	18	28	0.33261259203161697	0.9914811553494357	10.925748905548033
122L	0	0	1	2	4	6	10	17	28	40	53	85	128	176	238	294	339	347	301	222	125	35	2	0	0	0	0	0	0	0	0	0	0	0	0	0	0	0	0	0	0	0	3	10	11	19	30	78	126	149	199	261	293	226	177	84	13	0	0	0	0	0	0	0	0	0	0	0	0	0	0	0	0	0	0	0	5	24	20	24	36	82	134	165	193	215	218	128	76	46	5	0	0	0	0	0	0	0	0	0	0	0	1	2	3	2	2	2	8	21	39	52	67	107	157	200	264	318	354	358	315	221	103	23	1	0	0	0	0	0	0	0	0	0	0	0	1293	26	18	370	0.4253555952785023	0.9825263535065294	15.592760827845433
222D	1	3	4	5	6	11	21	30	39	50	69	90	125	161	207	223	169	105	45	8	0	0	0	0	0	0	0	0	0	0	0	0	0	0	0	0	0	0	0	0	0	0	0	0	0	0	0	0	0	0	0	0	0	0	0	0	0	0	0	0	0	0	0	0	0	0	0	0	0	0	0	0	0	0	0	8	66	61	7	16	86	92	183	367	254	157	52	20	2	0	0	0	0	0	0	0	0	0	0	0	0	0	2	0	0	0	0	0	9	21	24	17	40	63	105	103	116	107	81	56	20	4	0	0	0	0	0	0	0	0	0	0	0	0	0	0	408	0	18	34	0.4618666064768142	0.8533792410839909	10.75336355077955
222L	0	0	1	2	4	6	10	17	28	39	53	84	126	174	234	290	337	347	305	227	128	36	2	0	0	0	0	0	0	0	0	0	0	0	0	0	0	0	0	1	3	0	1	7	13	21	40	68	107	153	196	247	285	248	187	87	12	0	0	0	0	0	0	0	0	0	0	0	0	0	0	0	0	0	0	0	3	25	20	23	34	81	133	164	193	210	219	134	77	47	6	0	0	0	0	0	0	0	0	0	0	0	1	2	3	3	1	1	6	21	40	52	68	106	156	199	262	319	354	360	315	222	106	24	1	0	0	0	0	0	0	0	0	0	0	0	1289	26	18	371	0.42680653427720366	0.9819849273305478	15.684797482644845
422D	1	2	4	5	5	9	18	25	32	42	52	68	94	132	193	247	233	176	114	49	17	2	0	0	0	0	0	0	0	0	0	0	0	0	0	0	0	0	0	0	0	0	0	0	0	0	0	0	0	0	0	0	0	0	0	0	0	0	0	0	0	0	0	0	0	0	0	0	0	0	0	0	0	0	0	12	70	44	6	20	100	135	216	319	247	178	137	42	5	0	0	0	0	0	0	0	0	0	0	0	0	0	0	0	0	0	0	2	12	24	17	17	27	40	71	79	107	136	123	92	51	15	4	0	0	0	0	0	0	0	0	0	0	0	0	0	500	0	22	38	0.48184308784562385	0.9187145073403965	12.599618596137287
123L	0	0	1	2	3	6	10	17	28	40	54	86	128	176	238	293	339	347	301	223	125	35	2	0	0	0	0	0	0	0	0	0	0	0	0	0	0	0	0	0	0	0	3	10	12	24	29	77	121	150	204	263	288	223	178	83	12	0	0	0	0	0	0	0	0	0	0	0	0	0	0	0	0	0	0	0	5	23	21	24	36	84	133	165	194	215	218	127	75	45	5	0	0	0	0	0	0	0	0	0	0	0	1	2	3	2	2	2	8	21	40	52	67	108	157	200	265	319	355	358	314	219	102	23	1	0	0	0	0	0	0	0	0	0	0	0	1293	26	18	370	0.4247239578084983	0.9829225323085745	15.594852699017542
223L	0	0	1	2	4	6	10	17	28	39	53	85	128	175	237	292	339	348	303	222	124	34	2	0	0	0	0	0	0	0	0	0	0	0	0	0	0	0	0	0	0	1	7	12	15	16	24	69	121	149	208	257	292	234	180	81	10	0	0	0	0	0	0	0	0	0	0	0	0	0	0	0	0	0	0	0	7	23	17	25	37	86	132	165	192	219	215	126	78	45	5	0	0	0	0	0	0	0	0	0	0	0	1	2	3	2	2	2	7	21	38	51	66	105	154	196	261	318	356	361	313	217	103	22	1	0	0	0	0	0	0	0	0	0	0	0	1288	26	18	365	0.42707021446420596	0.9772753618906111	15.601412161913911
